0 0.31328125 0.49212962962962964 0.0046875 0.008333333333333333
1 0.9065104166666667 0.6314814814814815 0.0203125 0.08148148148148149
3 0.17838541666666666 0.36435185185185187 0.011979166666666667 0.058333333333333334
4 0.53515625 0.42592592592592593 0.0203125 0.06111111111111111
5 0.5361979166666667 0.29259259259259257 0.016145833333333335 0.05555555555555555
6 0.16119791666666666 0.37453703703703706 0.0140625 0.05462962962962963
7 0.546875 0.2875 0.010416666666666666 0.04537037037037037
8 0.6505208333333333 0.3648148148148148 0.014583333333333334 0.06111111111111111
9 0.9338541666666667 0.42916666666666664 0.011458333333333333 0.062037037037037036
10 0.15989583333333332 0.7902777777777777 0.020833333333333332 0.10092592592592593
11 0.24505208333333334 0.3402777777777778 0.0109375 0.04722222222222222
12 0.38229166666666664 0.25555555555555554 0.010416666666666666 0.04259259259259259
13 0.8669270833333333 0.46064814814814814 0.019270833333333334 0.062037037037037036
14 0.8354166666666667 0.3925925925925926 0.011458333333333333 0.05740740740740741
15 0.3138020833333333 0.29814814814814816 0.011979166666666667 0.04814814814814815
16 0.37864583333333335 0.31342592592592594 0.0125 0.04722222222222222
17 0.271875 0.3888888888888889 0.011458333333333333 0.053703703703703705
18 0.3846354166666667 0.2708333333333333 0.0078125 0.04722222222222222
19 0.26510416666666664 0.3486111111111111 0.0125 0.05092592592592592
20 0.7713541666666667 0.28194444444444444 0.011458333333333333 0.04722222222222222
21 0.5236979166666667 0.6782407407407407 0.018229166666666668 0.08611111111111111
22 0.21692708333333333 0.3680555555555556 0.011979166666666667 0.058333333333333334
23 0.7322916666666667 0.3125 0.013541666666666667 0.05462962962962963
